{
 "cells": [
  {
   "cell_type": "code",
   "execution_count": 37,
   "metadata": {},
   "outputs": [],
   "source": [
    "import pandas as pd\n",
    "import numpy as np\n",
    "import seaborn as sns\n",
    "from scipy import stats\n",
    "import matplotlib.pyplot as plt\n",
    "%matplotlib inline"
   ]
  },
  {
   "cell_type": "code",
   "execution_count": 3,
   "metadata": {},
   "outputs": [],
   "source": [
    "# Test datasets\n",
    "solTestX = pd.read_csv(\"solubility/solTestX.txt\",delimiter=\"\\t\") #Test set\n",
    "solTestXtrans = pd.read_csv(\"solubility/solTestXtrans.txt\",delimiter=\"\\t\")#Test set predictors after the same transformations used on the training set are applied.\n",
    "solTestY = pd.read_csv(\"solubility/solTestY.txt\",delimiter=\"\\t\") #Test set - solubility values for each compound\n",
    "\n",
    "# Train datasets\n",
    "solTrainX = pd.read_csv(\"solubility/solTrainX.txt\",delimiter=\"\\t\") #Train set\n",
    "solTrainXtrans = pd.read_csv(\"solubility/solTrainXtrans.txt\",delimiter=\"\\t\") #Training set predictors after transformations for skewness and centering/scaling.\n",
    "solTrainY = pd.read_csv(\"solubility/solTrainY.txt\",delimiter=\"\\t\") #Train set - solubility values for each compound"
   ]
  },
  {
   "cell_type": "code",
   "execution_count": 41,
   "metadata": {},
   "outputs": [
    {
     "data": {
      "text/html": [
       "<div>\n",
       "<style scoped>\n",
       "    .dataframe tbody tr th:only-of-type {\n",
       "        vertical-align: middle;\n",
       "    }\n",
       "\n",
       "    .dataframe tbody tr th {\n",
       "        vertical-align: top;\n",
       "    }\n",
       "\n",
       "    .dataframe thead th {\n",
       "        text-align: right;\n",
       "    }\n",
       "</style>\n",
       "<table border=\"1\" class=\"dataframe\">\n",
       "  <thead>\n",
       "    <tr style=\"text-align: right;\">\n",
       "      <th></th>\n",
       "      <th>FP001</th>\n",
       "      <th>FP002</th>\n",
       "      <th>FP003</th>\n",
       "      <th>FP004</th>\n",
       "      <th>FP005</th>\n",
       "      <th>FP006</th>\n",
       "      <th>FP007</th>\n",
       "      <th>FP008</th>\n",
       "      <th>FP009</th>\n",
       "      <th>FP010</th>\n",
       "      <th>...</th>\n",
       "      <th>NumCarbon</th>\n",
       "      <th>NumNitrogen</th>\n",
       "      <th>NumOxygen</th>\n",
       "      <th>NumSulfer</th>\n",
       "      <th>NumChlorine</th>\n",
       "      <th>NumHalogen</th>\n",
       "      <th>NumRings</th>\n",
       "      <th>HydrophilicFactor</th>\n",
       "      <th>SurfaceArea1</th>\n",
       "      <th>SurfaceArea2</th>\n",
       "    </tr>\n",
       "  </thead>\n",
       "  <tbody>\n",
       "    <tr>\n",
       "      <th>661</th>\n",
       "      <td>0</td>\n",
       "      <td>1</td>\n",
       "      <td>0</td>\n",
       "      <td>0</td>\n",
       "      <td>1</td>\n",
       "      <td>0</td>\n",
       "      <td>0</td>\n",
       "      <td>1</td>\n",
       "      <td>0</td>\n",
       "      <td>0</td>\n",
       "      <td>...</td>\n",
       "      <td>4.177811</td>\n",
       "      <td>0.584815</td>\n",
       "      <td>0.000000</td>\n",
       "      <td>0.000</td>\n",
       "      <td>0.000</td>\n",
       "      <td>0.000</td>\n",
       "      <td>1.386294</td>\n",
       "      <td>-1.606542</td>\n",
       "      <td>6.812456</td>\n",
       "      <td>6.812456</td>\n",
       "    </tr>\n",
       "    <tr>\n",
       "      <th>662</th>\n",
       "      <td>0</td>\n",
       "      <td>1</td>\n",
       "      <td>0</td>\n",
       "      <td>1</td>\n",
       "      <td>1</td>\n",
       "      <td>1</td>\n",
       "      <td>1</td>\n",
       "      <td>1</td>\n",
       "      <td>0</td>\n",
       "      <td>0</td>\n",
       "      <td>...</td>\n",
       "      <td>5.092358</td>\n",
       "      <td>0.642355</td>\n",
       "      <td>0.693147</td>\n",
       "      <td>0.375</td>\n",
       "      <td>0.000</td>\n",
       "      <td>0.000</td>\n",
       "      <td>1.609438</td>\n",
       "      <td>-0.441330</td>\n",
       "      <td>9.753834</td>\n",
       "      <td>12.029604</td>\n",
       "    </tr>\n",
       "    <tr>\n",
       "      <th>663</th>\n",
       "      <td>1</td>\n",
       "      <td>1</td>\n",
       "      <td>1</td>\n",
       "      <td>1</td>\n",
       "      <td>1</td>\n",
       "      <td>0</td>\n",
       "      <td>0</td>\n",
       "      <td>1</td>\n",
       "      <td>0</td>\n",
       "      <td>1</td>\n",
       "      <td>...</td>\n",
       "      <td>4.023944</td>\n",
       "      <td>0.000000</td>\n",
       "      <td>1.098612</td>\n",
       "      <td>0.000</td>\n",
       "      <td>0.000</td>\n",
       "      <td>0.000</td>\n",
       "      <td>0.693147</td>\n",
       "      <td>-0.384859</td>\n",
       "      <td>8.245324</td>\n",
       "      <td>8.245324</td>\n",
       "    </tr>\n",
       "    <tr>\n",
       "      <th>665</th>\n",
       "      <td>0</td>\n",
       "      <td>0</td>\n",
       "      <td>1</td>\n",
       "      <td>0</td>\n",
       "      <td>0</td>\n",
       "      <td>0</td>\n",
       "      <td>1</td>\n",
       "      <td>0</td>\n",
       "      <td>0</td>\n",
       "      <td>0</td>\n",
       "      <td>...</td>\n",
       "      <td>3.510455</td>\n",
       "      <td>0.000000</td>\n",
       "      <td>0.000000</td>\n",
       "      <td>0.000</td>\n",
       "      <td>0.000</td>\n",
       "      <td>0.000</td>\n",
       "      <td>0.693147</td>\n",
       "      <td>-2.373472</td>\n",
       "      <td>0.000000</td>\n",
       "      <td>0.000000</td>\n",
       "    </tr>\n",
       "    <tr>\n",
       "      <th>668</th>\n",
       "      <td>0</td>\n",
       "      <td>0</td>\n",
       "      <td>1</td>\n",
       "      <td>1</td>\n",
       "      <td>1</td>\n",
       "      <td>1</td>\n",
       "      <td>0</td>\n",
       "      <td>0</td>\n",
       "      <td>1</td>\n",
       "      <td>0</td>\n",
       "      <td>...</td>\n",
       "      <td>3.317541</td>\n",
       "      <td>0.694335</td>\n",
       "      <td>0.000000</td>\n",
       "      <td>0.000</td>\n",
       "      <td>0.375</td>\n",
       "      <td>0.375</td>\n",
       "      <td>0.693147</td>\n",
       "      <td>-0.070987</td>\n",
       "      <td>9.913535</td>\n",
       "      <td>9.913535</td>\n",
       "    </tr>\n",
       "  </tbody>\n",
       "</table>\n",
       "<p>5 rows × 228 columns</p>\n",
       "</div>"
      ],
      "text/plain": [
       "     FP001  FP002  FP003  FP004  FP005  FP006  FP007  FP008  FP009  FP010  \\\n",
       "661      0      1      0      0      1      0      0      1      0      0   \n",
       "662      0      1      0      1      1      1      1      1      0      0   \n",
       "663      1      1      1      1      1      0      0      1      0      1   \n",
       "665      0      0      1      0      0      0      1      0      0      0   \n",
       "668      0      0      1      1      1      1      0      0      1      0   \n",
       "\n",
       "     ...  NumCarbon  NumNitrogen  NumOxygen  NumSulfer  NumChlorine  \\\n",
       "661  ...   4.177811     0.584815   0.000000      0.000        0.000   \n",
       "662  ...   5.092358     0.642355   0.693147      0.375        0.000   \n",
       "663  ...   4.023944     0.000000   1.098612      0.000        0.000   \n",
       "665  ...   3.510455     0.000000   0.000000      0.000        0.000   \n",
       "668  ...   3.317541     0.694335   0.000000      0.000        0.375   \n",
       "\n",
       "     NumHalogen  NumRings  HydrophilicFactor  SurfaceArea1  SurfaceArea2  \n",
       "661       0.000  1.386294          -1.606542      6.812456      6.812456  \n",
       "662       0.000  1.609438          -0.441330      9.753834     12.029604  \n",
       "663       0.000  0.693147          -0.384859      8.245324      8.245324  \n",
       "665       0.000  0.693147          -2.373472      0.000000      0.000000  \n",
       "668       0.375  0.693147          -0.070987      9.913535      9.913535  \n",
       "\n",
       "[5 rows x 228 columns]"
      ]
     },
     "execution_count": 41,
     "metadata": {},
     "output_type": "execute_result"
    }
   ],
   "source": [
    "solTrainXtrans.head()"
   ]
  },
  {
   "cell_type": "code",
   "execution_count": 56,
   "metadata": {},
   "outputs": [],
   "source": [
    "solTrainXcont = solTrainXtrans.iloc[:,208:]"
   ]
  },
  {
   "cell_type": "code",
   "execution_count": 59,
   "metadata": {},
   "outputs": [
    {
     "data": {
      "text/html": [
       "<div>\n",
       "<style scoped>\n",
       "    .dataframe tbody tr th:only-of-type {\n",
       "        vertical-align: middle;\n",
       "    }\n",
       "\n",
       "    .dataframe tbody tr th {\n",
       "        vertical-align: top;\n",
       "    }\n",
       "\n",
       "    .dataframe thead th {\n",
       "        text-align: right;\n",
       "    }\n",
       "</style>\n",
       "<table border=\"1\" class=\"dataframe\">\n",
       "  <thead>\n",
       "    <tr style=\"text-align: right;\">\n",
       "      <th></th>\n",
       "      <th>MolWeight</th>\n",
       "      <th>NumAtoms</th>\n",
       "      <th>NumNonHAtoms</th>\n",
       "      <th>NumBonds</th>\n",
       "      <th>NumNonHBonds</th>\n",
       "      <th>NumMultBonds</th>\n",
       "      <th>NumRotBonds</th>\n",
       "      <th>NumDblBonds</th>\n",
       "      <th>NumAromaticBonds</th>\n",
       "      <th>NumHydrogen</th>\n",
       "      <th>NumCarbon</th>\n",
       "      <th>NumNitrogen</th>\n",
       "      <th>NumOxygen</th>\n",
       "      <th>NumSulfer</th>\n",
       "      <th>NumChlorine</th>\n",
       "      <th>NumHalogen</th>\n",
       "      <th>NumRings</th>\n",
       "      <th>HydrophilicFactor</th>\n",
       "      <th>SurfaceArea1</th>\n",
       "      <th>SurfaceArea2</th>\n",
       "    </tr>\n",
       "  </thead>\n",
       "  <tbody>\n",
       "    <tr>\n",
       "      <th>MolWeight</th>\n",
       "      <td>1.000000</td>\n",
       "      <td>0.696102</td>\n",
       "      <td>0.898239</td>\n",
       "      <td>0.710743</td>\n",
       "      <td>0.888004</td>\n",
       "      <td>0.535433</td>\n",
       "      <td>0.332835</td>\n",
       "      <td>0.320727</td>\n",
       "      <td>0.407092</td>\n",
       "      <td>0.361769</td>\n",
       "      <td>0.760025</td>\n",
       "      <td>0.192317</td>\n",
       "      <td>0.356649</td>\n",
       "      <td>0.229212</td>\n",
       "      <td>0.275348</td>\n",
       "      <td>0.340334</td>\n",
       "      <td>0.659112</td>\n",
       "      <td>0.121782</td>\n",
       "      <td>0.315321</td>\n",
       "      <td>0.338168</td>\n",
       "    </tr>\n",
       "    <tr>\n",
       "      <th>NumAtoms</th>\n",
       "      <td>0.696102</td>\n",
       "      <td>1.000000</td>\n",
       "      <td>0.875327</td>\n",
       "      <td>0.996692</td>\n",
       "      <td>0.854745</td>\n",
       "      <td>0.332841</td>\n",
       "      <td>0.605637</td>\n",
       "      <td>0.343415</td>\n",
       "      <td>0.199475</td>\n",
       "      <td>0.883859</td>\n",
       "      <td>0.914518</td>\n",
       "      <td>0.182535</td>\n",
       "      <td>0.478187</td>\n",
       "      <td>0.149731</td>\n",
       "      <td>-0.157959</td>\n",
       "      <td>-0.211683</td>\n",
       "      <td>0.548523</td>\n",
       "      <td>0.019405</td>\n",
       "      <td>0.430752</td>\n",
       "      <td>0.435522</td>\n",
       "    </tr>\n",
       "    <tr>\n",
       "      <th>NumNonHAtoms</th>\n",
       "      <td>0.898239</td>\n",
       "      <td>0.875327</td>\n",
       "      <td>1.000000</td>\n",
       "      <td>0.896275</td>\n",
       "      <td>0.994323</td>\n",
       "      <td>0.632856</td>\n",
       "      <td>0.417237</td>\n",
       "      <td>0.394330</td>\n",
       "      <td>0.475427</td>\n",
       "      <td>0.566011</td>\n",
       "      <td>0.923830</td>\n",
       "      <td>0.277647</td>\n",
       "      <td>0.468230</td>\n",
       "      <td>0.194016</td>\n",
       "      <td>0.074572</td>\n",
       "      <td>0.036178</td>\n",
       "      <td>0.765595</td>\n",
       "      <td>0.104582</td>\n",
       "      <td>0.463010</td>\n",
       "      <td>0.467065</td>\n",
       "    </tr>\n",
       "    <tr>\n",
       "      <th>NumBonds</th>\n",
       "      <td>0.710743</td>\n",
       "      <td>0.996692</td>\n",
       "      <td>0.896275</td>\n",
       "      <td>1.000000</td>\n",
       "      <td>0.881864</td>\n",
       "      <td>0.385818</td>\n",
       "      <td>0.560567</td>\n",
       "      <td>0.332716</td>\n",
       "      <td>0.251743</td>\n",
       "      <td>0.857341</td>\n",
       "      <td>0.934695</td>\n",
       "      <td>0.195886</td>\n",
       "      <td>0.461505</td>\n",
       "      <td>0.149572</td>\n",
       "      <td>-0.148551</td>\n",
       "      <td>-0.204749</td>\n",
       "      <td>0.605790</td>\n",
       "      <td>0.007656</td>\n",
       "      <td>0.424562</td>\n",
       "      <td>0.428716</td>\n",
       "    </tr>\n",
       "    <tr>\n",
       "      <th>NumNonHBonds</th>\n",
       "      <td>0.888004</td>\n",
       "      <td>0.854745</td>\n",
       "      <td>0.994323</td>\n",
       "      <td>0.881864</td>\n",
       "      <td>1.000000</td>\n",
       "      <td>0.662985</td>\n",
       "      <td>0.338911</td>\n",
       "      <td>0.369726</td>\n",
       "      <td>0.506438</td>\n",
       "      <td>0.541795</td>\n",
       "      <td>0.930362</td>\n",
       "      <td>0.280977</td>\n",
       "      <td>0.436981</td>\n",
       "      <td>0.181856</td>\n",
       "      <td>0.066277</td>\n",
       "      <td>0.032524</td>\n",
       "      <td>0.827501</td>\n",
       "      <td>0.084369</td>\n",
       "      <td>0.440706</td>\n",
       "      <td>0.443178</td>\n",
       "    </tr>\n",
       "    <tr>\n",
       "      <th>NumMultBonds</th>\n",
       "      <td>0.535433</td>\n",
       "      <td>0.332841</td>\n",
       "      <td>0.632856</td>\n",
       "      <td>0.385818</td>\n",
       "      <td>0.662985</td>\n",
       "      <td>1.000000</td>\n",
       "      <td>-0.007817</td>\n",
       "      <td>0.107196</td>\n",
       "      <td>0.938303</td>\n",
       "      <td>-0.012381</td>\n",
       "      <td>0.596507</td>\n",
       "      <td>0.334034</td>\n",
       "      <td>0.063899</td>\n",
       "      <td>0.163830</td>\n",
       "      <td>0.097153</td>\n",
       "      <td>0.075507</td>\n",
       "      <td>0.740413</td>\n",
       "      <td>-0.055952</td>\n",
       "      <td>0.178744</td>\n",
       "      <td>0.179287</td>\n",
       "    </tr>\n",
       "    <tr>\n",
       "      <th>NumRotBonds</th>\n",
       "      <td>0.332835</td>\n",
       "      <td>0.605637</td>\n",
       "      <td>0.417237</td>\n",
       "      <td>0.560567</td>\n",
       "      <td>0.338911</td>\n",
       "      <td>-0.007817</td>\n",
       "      <td>1.000000</td>\n",
       "      <td>0.341587</td>\n",
       "      <td>-0.066891</td>\n",
       "      <td>0.624748</td>\n",
       "      <td>0.386993</td>\n",
       "      <td>0.097053</td>\n",
       "      <td>0.486107</td>\n",
       "      <td>0.191012</td>\n",
       "      <td>-0.132320</td>\n",
       "      <td>-0.182709</td>\n",
       "      <td>-0.154291</td>\n",
       "      <td>0.135176</td>\n",
       "      <td>0.398938</td>\n",
       "      <td>0.423291</td>\n",
       "    </tr>\n",
       "    <tr>\n",
       "      <th>NumDblBonds</th>\n",
       "      <td>0.320727</td>\n",
       "      <td>0.343415</td>\n",
       "      <td>0.394330</td>\n",
       "      <td>0.332716</td>\n",
       "      <td>0.369726</td>\n",
       "      <td>0.107196</td>\n",
       "      <td>0.341587</td>\n",
       "      <td>1.000000</td>\n",
       "      <td>-0.144968</td>\n",
       "      <td>0.259334</td>\n",
       "      <td>0.253297</td>\n",
       "      <td>0.276744</td>\n",
       "      <td>0.680636</td>\n",
       "      <td>0.244100</td>\n",
       "      <td>-0.147645</td>\n",
       "      <td>-0.170965</td>\n",
       "      <td>0.161029</td>\n",
       "      <td>0.305795</td>\n",
       "      <td>0.623330</td>\n",
       "      <td>0.622554</td>\n",
       "    </tr>\n",
       "    <tr>\n",
       "      <th>NumAromaticBonds</th>\n",
       "      <td>0.407092</td>\n",
       "      <td>0.199475</td>\n",
       "      <td>0.475427</td>\n",
       "      <td>0.251743</td>\n",
       "      <td>0.506438</td>\n",
       "      <td>0.938303</td>\n",
       "      <td>-0.066891</td>\n",
       "      <td>-0.144968</td>\n",
       "      <td>1.000000</td>\n",
       "      <td>-0.104642</td>\n",
       "      <td>0.463665</td>\n",
       "      <td>0.287055</td>\n",
       "      <td>-0.080641</td>\n",
       "      <td>0.115186</td>\n",
       "      <td>0.135716</td>\n",
       "      <td>0.117918</td>\n",
       "      <td>0.632370</td>\n",
       "      <td>-0.089270</td>\n",
       "      <td>0.042646</td>\n",
       "      <td>0.041597</td>\n",
       "    </tr>\n",
       "    <tr>\n",
       "      <th>NumHydrogen</th>\n",
       "      <td>0.361769</td>\n",
       "      <td>0.883859</td>\n",
       "      <td>0.566011</td>\n",
       "      <td>0.857341</td>\n",
       "      <td>0.541795</td>\n",
       "      <td>-0.012381</td>\n",
       "      <td>0.624748</td>\n",
       "      <td>0.259334</td>\n",
       "      <td>-0.104642</td>\n",
       "      <td>1.000000</td>\n",
       "      <td>0.701587</td>\n",
       "      <td>0.080033</td>\n",
       "      <td>0.420541</td>\n",
       "      <td>0.085666</td>\n",
       "      <td>-0.370190</td>\n",
       "      <td>-0.406391</td>\n",
       "      <td>0.252426</td>\n",
       "      <td>-0.026980</td>\n",
       "      <td>0.349681</td>\n",
       "      <td>0.355863</td>\n",
       "    </tr>\n",
       "    <tr>\n",
       "      <th>NumCarbon</th>\n",
       "      <td>0.760025</td>\n",
       "      <td>0.914518</td>\n",
       "      <td>0.923830</td>\n",
       "      <td>0.934695</td>\n",
       "      <td>0.930362</td>\n",
       "      <td>0.596507</td>\n",
       "      <td>0.386993</td>\n",
       "      <td>0.253297</td>\n",
       "      <td>0.463665</td>\n",
       "      <td>0.701587</td>\n",
       "      <td>1.000000</td>\n",
       "      <td>0.113996</td>\n",
       "      <td>0.325115</td>\n",
       "      <td>0.054386</td>\n",
       "      <td>-0.051153</td>\n",
       "      <td>-0.084411</td>\n",
       "      <td>0.764572</td>\n",
       "      <td>-0.127365</td>\n",
       "      <td>0.273749</td>\n",
       "      <td>0.264146</td>\n",
       "    </tr>\n",
       "    <tr>\n",
       "      <th>NumNitrogen</th>\n",
       "      <td>0.192317</td>\n",
       "      <td>0.182535</td>\n",
       "      <td>0.277647</td>\n",
       "      <td>0.195886</td>\n",
       "      <td>0.280977</td>\n",
       "      <td>0.334034</td>\n",
       "      <td>0.097053</td>\n",
       "      <td>0.276744</td>\n",
       "      <td>0.287055</td>\n",
       "      <td>0.080033</td>\n",
       "      <td>0.113996</td>\n",
       "      <td>1.000000</td>\n",
       "      <td>0.135482</td>\n",
       "      <td>0.343906</td>\n",
       "      <td>-0.117784</td>\n",
       "      <td>-0.147719</td>\n",
       "      <td>0.261471</td>\n",
       "      <td>0.431078</td>\n",
       "      <td>0.524425</td>\n",
       "      <td>0.546248</td>\n",
       "    </tr>\n",
       "    <tr>\n",
       "      <th>NumOxygen</th>\n",
       "      <td>0.356649</td>\n",
       "      <td>0.478187</td>\n",
       "      <td>0.468230</td>\n",
       "      <td>0.461505</td>\n",
       "      <td>0.436981</td>\n",
       "      <td>0.063899</td>\n",
       "      <td>0.486107</td>\n",
       "      <td>0.680636</td>\n",
       "      <td>-0.080641</td>\n",
       "      <td>0.420541</td>\n",
       "      <td>0.325115</td>\n",
       "      <td>0.135482</td>\n",
       "      <td>1.000000</td>\n",
       "      <td>0.098727</td>\n",
       "      <td>-0.244629</td>\n",
       "      <td>-0.273670</td>\n",
       "      <td>0.174468</td>\n",
       "      <td>0.537550</td>\n",
       "      <td>0.847588</td>\n",
       "      <td>0.802126</td>\n",
       "    </tr>\n",
       "    <tr>\n",
       "      <th>NumSulfer</th>\n",
       "      <td>0.229212</td>\n",
       "      <td>0.149731</td>\n",
       "      <td>0.194016</td>\n",
       "      <td>0.149572</td>\n",
       "      <td>0.181856</td>\n",
       "      <td>0.163830</td>\n",
       "      <td>0.191012</td>\n",
       "      <td>0.244100</td>\n",
       "      <td>0.115186</td>\n",
       "      <td>0.085666</td>\n",
       "      <td>0.054386</td>\n",
       "      <td>0.343906</td>\n",
       "      <td>0.098727</td>\n",
       "      <td>1.000000</td>\n",
       "      <td>-0.044196</td>\n",
       "      <td>-0.066851</td>\n",
       "      <td>0.079078</td>\n",
       "      <td>0.160824</td>\n",
       "      <td>0.207183</td>\n",
       "      <td>0.416146</td>\n",
       "    </tr>\n",
       "    <tr>\n",
       "      <th>NumChlorine</th>\n",
       "      <td>0.275348</td>\n",
       "      <td>-0.157959</td>\n",
       "      <td>0.074572</td>\n",
       "      <td>-0.148551</td>\n",
       "      <td>0.066277</td>\n",
       "      <td>0.097153</td>\n",
       "      <td>-0.132320</td>\n",
       "      <td>-0.147645</td>\n",
       "      <td>0.135716</td>\n",
       "      <td>-0.370190</td>\n",
       "      <td>-0.051153</td>\n",
       "      <td>-0.117784</td>\n",
       "      <td>-0.244629</td>\n",
       "      <td>-0.044196</td>\n",
       "      <td>1.000000</td>\n",
       "      <td>0.842965</td>\n",
       "      <td>0.041745</td>\n",
       "      <td>-0.065989</td>\n",
       "      <td>-0.295292</td>\n",
       "      <td>-0.293343</td>\n",
       "    </tr>\n",
       "    <tr>\n",
       "      <th>NumHalogen</th>\n",
       "      <td>0.340334</td>\n",
       "      <td>-0.211683</td>\n",
       "      <td>0.036178</td>\n",
       "      <td>-0.204749</td>\n",
       "      <td>0.032524</td>\n",
       "      <td>0.075507</td>\n",
       "      <td>-0.182709</td>\n",
       "      <td>-0.170965</td>\n",
       "      <td>0.117918</td>\n",
       "      <td>-0.406391</td>\n",
       "      <td>-0.084411</td>\n",
       "      <td>-0.147719</td>\n",
       "      <td>-0.273670</td>\n",
       "      <td>-0.066851</td>\n",
       "      <td>0.842965</td>\n",
       "      <td>1.000000</td>\n",
       "      <td>0.032488</td>\n",
       "      <td>-0.054684</td>\n",
       "      <td>-0.331390</td>\n",
       "      <td>-0.333862</td>\n",
       "    </tr>\n",
       "    <tr>\n",
       "      <th>NumRings</th>\n",
       "      <td>0.659112</td>\n",
       "      <td>0.548523</td>\n",
       "      <td>0.765595</td>\n",
       "      <td>0.605790</td>\n",
       "      <td>0.827501</td>\n",
       "      <td>0.740413</td>\n",
       "      <td>-0.154291</td>\n",
       "      <td>0.161029</td>\n",
       "      <td>0.632370</td>\n",
       "      <td>0.252426</td>\n",
       "      <td>0.764572</td>\n",
       "      <td>0.261471</td>\n",
       "      <td>0.174468</td>\n",
       "      <td>0.079078</td>\n",
       "      <td>0.041745</td>\n",
       "      <td>0.032488</td>\n",
       "      <td>1.000000</td>\n",
       "      <td>-0.028054</td>\n",
       "      <td>0.235481</td>\n",
       "      <td>0.222130</td>\n",
       "    </tr>\n",
       "    <tr>\n",
       "      <th>HydrophilicFactor</th>\n",
       "      <td>0.121782</td>\n",
       "      <td>0.019405</td>\n",
       "      <td>0.104582</td>\n",
       "      <td>0.007656</td>\n",
       "      <td>0.084369</td>\n",
       "      <td>-0.055952</td>\n",
       "      <td>0.135176</td>\n",
       "      <td>0.305795</td>\n",
       "      <td>-0.089270</td>\n",
       "      <td>-0.026980</td>\n",
       "      <td>-0.127365</td>\n",
       "      <td>0.431078</td>\n",
       "      <td>0.537550</td>\n",
       "      <td>0.160824</td>\n",
       "      <td>-0.065989</td>\n",
       "      <td>-0.054684</td>\n",
       "      <td>-0.028054</td>\n",
       "      <td>1.000000</td>\n",
       "      <td>0.747675</td>\n",
       "      <td>0.720809</td>\n",
       "    </tr>\n",
       "    <tr>\n",
       "      <th>SurfaceArea1</th>\n",
       "      <td>0.315321</td>\n",
       "      <td>0.430752</td>\n",
       "      <td>0.463010</td>\n",
       "      <td>0.424562</td>\n",
       "      <td>0.440706</td>\n",
       "      <td>0.178744</td>\n",
       "      <td>0.398938</td>\n",
       "      <td>0.623330</td>\n",
       "      <td>0.042646</td>\n",
       "      <td>0.349681</td>\n",
       "      <td>0.273749</td>\n",
       "      <td>0.524425</td>\n",
       "      <td>0.847588</td>\n",
       "      <td>0.207183</td>\n",
       "      <td>-0.295292</td>\n",
       "      <td>-0.331390</td>\n",
       "      <td>0.235481</td>\n",
       "      <td>0.747675</td>\n",
       "      <td>1.000000</td>\n",
       "      <td>0.958299</td>\n",
       "    </tr>\n",
       "    <tr>\n",
       "      <th>SurfaceArea2</th>\n",
       "      <td>0.338168</td>\n",
       "      <td>0.435522</td>\n",
       "      <td>0.467065</td>\n",
       "      <td>0.428716</td>\n",
       "      <td>0.443178</td>\n",
       "      <td>0.179287</td>\n",
       "      <td>0.423291</td>\n",
       "      <td>0.622554</td>\n",
       "      <td>0.041597</td>\n",
       "      <td>0.355863</td>\n",
       "      <td>0.264146</td>\n",
       "      <td>0.546248</td>\n",
       "      <td>0.802126</td>\n",
       "      <td>0.416146</td>\n",
       "      <td>-0.293343</td>\n",
       "      <td>-0.333862</td>\n",
       "      <td>0.222130</td>\n",
       "      <td>0.720809</td>\n",
       "      <td>0.958299</td>\n",
       "      <td>1.000000</td>\n",
       "    </tr>\n",
       "  </tbody>\n",
       "</table>\n",
       "</div>"
      ],
      "text/plain": [
       "                   MolWeight  NumAtoms  NumNonHAtoms  NumBonds  NumNonHBonds  \\\n",
       "MolWeight           1.000000  0.696102      0.898239  0.710743      0.888004   \n",
       "NumAtoms            0.696102  1.000000      0.875327  0.996692      0.854745   \n",
       "NumNonHAtoms        0.898239  0.875327      1.000000  0.896275      0.994323   \n",
       "NumBonds            0.710743  0.996692      0.896275  1.000000      0.881864   \n",
       "NumNonHBonds        0.888004  0.854745      0.994323  0.881864      1.000000   \n",
       "NumMultBonds        0.535433  0.332841      0.632856  0.385818      0.662985   \n",
       "NumRotBonds         0.332835  0.605637      0.417237  0.560567      0.338911   \n",
       "NumDblBonds         0.320727  0.343415      0.394330  0.332716      0.369726   \n",
       "NumAromaticBonds    0.407092  0.199475      0.475427  0.251743      0.506438   \n",
       "NumHydrogen         0.361769  0.883859      0.566011  0.857341      0.541795   \n",
       "NumCarbon           0.760025  0.914518      0.923830  0.934695      0.930362   \n",
       "NumNitrogen         0.192317  0.182535      0.277647  0.195886      0.280977   \n",
       "NumOxygen           0.356649  0.478187      0.468230  0.461505      0.436981   \n",
       "NumSulfer           0.229212  0.149731      0.194016  0.149572      0.181856   \n",
       "NumChlorine         0.275348 -0.157959      0.074572 -0.148551      0.066277   \n",
       "NumHalogen          0.340334 -0.211683      0.036178 -0.204749      0.032524   \n",
       "NumRings            0.659112  0.548523      0.765595  0.605790      0.827501   \n",
       "HydrophilicFactor   0.121782  0.019405      0.104582  0.007656      0.084369   \n",
       "SurfaceArea1        0.315321  0.430752      0.463010  0.424562      0.440706   \n",
       "SurfaceArea2        0.338168  0.435522      0.467065  0.428716      0.443178   \n",
       "\n",
       "                   NumMultBonds  NumRotBonds  NumDblBonds  NumAromaticBonds  \\\n",
       "MolWeight              0.535433     0.332835     0.320727          0.407092   \n",
       "NumAtoms               0.332841     0.605637     0.343415          0.199475   \n",
       "NumNonHAtoms           0.632856     0.417237     0.394330          0.475427   \n",
       "NumBonds               0.385818     0.560567     0.332716          0.251743   \n",
       "NumNonHBonds           0.662985     0.338911     0.369726          0.506438   \n",
       "NumMultBonds           1.000000    -0.007817     0.107196          0.938303   \n",
       "NumRotBonds           -0.007817     1.000000     0.341587         -0.066891   \n",
       "NumDblBonds            0.107196     0.341587     1.000000         -0.144968   \n",
       "NumAromaticBonds       0.938303    -0.066891    -0.144968          1.000000   \n",
       "NumHydrogen           -0.012381     0.624748     0.259334         -0.104642   \n",
       "NumCarbon              0.596507     0.386993     0.253297          0.463665   \n",
       "NumNitrogen            0.334034     0.097053     0.276744          0.287055   \n",
       "NumOxygen              0.063899     0.486107     0.680636         -0.080641   \n",
       "NumSulfer              0.163830     0.191012     0.244100          0.115186   \n",
       "NumChlorine            0.097153    -0.132320    -0.147645          0.135716   \n",
       "NumHalogen             0.075507    -0.182709    -0.170965          0.117918   \n",
       "NumRings               0.740413    -0.154291     0.161029          0.632370   \n",
       "HydrophilicFactor     -0.055952     0.135176     0.305795         -0.089270   \n",
       "SurfaceArea1           0.178744     0.398938     0.623330          0.042646   \n",
       "SurfaceArea2           0.179287     0.423291     0.622554          0.041597   \n",
       "\n",
       "                   NumHydrogen  NumCarbon  NumNitrogen  NumOxygen  NumSulfer  \\\n",
       "MolWeight             0.361769   0.760025     0.192317   0.356649   0.229212   \n",
       "NumAtoms              0.883859   0.914518     0.182535   0.478187   0.149731   \n",
       "NumNonHAtoms          0.566011   0.923830     0.277647   0.468230   0.194016   \n",
       "NumBonds              0.857341   0.934695     0.195886   0.461505   0.149572   \n",
       "NumNonHBonds          0.541795   0.930362     0.280977   0.436981   0.181856   \n",
       "NumMultBonds         -0.012381   0.596507     0.334034   0.063899   0.163830   \n",
       "NumRotBonds           0.624748   0.386993     0.097053   0.486107   0.191012   \n",
       "NumDblBonds           0.259334   0.253297     0.276744   0.680636   0.244100   \n",
       "NumAromaticBonds     -0.104642   0.463665     0.287055  -0.080641   0.115186   \n",
       "NumHydrogen           1.000000   0.701587     0.080033   0.420541   0.085666   \n",
       "NumCarbon             0.701587   1.000000     0.113996   0.325115   0.054386   \n",
       "NumNitrogen           0.080033   0.113996     1.000000   0.135482   0.343906   \n",
       "NumOxygen             0.420541   0.325115     0.135482   1.000000   0.098727   \n",
       "NumSulfer             0.085666   0.054386     0.343906   0.098727   1.000000   \n",
       "NumChlorine          -0.370190  -0.051153    -0.117784  -0.244629  -0.044196   \n",
       "NumHalogen           -0.406391  -0.084411    -0.147719  -0.273670  -0.066851   \n",
       "NumRings              0.252426   0.764572     0.261471   0.174468   0.079078   \n",
       "HydrophilicFactor    -0.026980  -0.127365     0.431078   0.537550   0.160824   \n",
       "SurfaceArea1          0.349681   0.273749     0.524425   0.847588   0.207183   \n",
       "SurfaceArea2          0.355863   0.264146     0.546248   0.802126   0.416146   \n",
       "\n",
       "                   NumChlorine  NumHalogen  NumRings  HydrophilicFactor  \\\n",
       "MolWeight             0.275348    0.340334  0.659112           0.121782   \n",
       "NumAtoms             -0.157959   -0.211683  0.548523           0.019405   \n",
       "NumNonHAtoms          0.074572    0.036178  0.765595           0.104582   \n",
       "NumBonds             -0.148551   -0.204749  0.605790           0.007656   \n",
       "NumNonHBonds          0.066277    0.032524  0.827501           0.084369   \n",
       "NumMultBonds          0.097153    0.075507  0.740413          -0.055952   \n",
       "NumRotBonds          -0.132320   -0.182709 -0.154291           0.135176   \n",
       "NumDblBonds          -0.147645   -0.170965  0.161029           0.305795   \n",
       "NumAromaticBonds      0.135716    0.117918  0.632370          -0.089270   \n",
       "NumHydrogen          -0.370190   -0.406391  0.252426          -0.026980   \n",
       "NumCarbon            -0.051153   -0.084411  0.764572          -0.127365   \n",
       "NumNitrogen          -0.117784   -0.147719  0.261471           0.431078   \n",
       "NumOxygen            -0.244629   -0.273670  0.174468           0.537550   \n",
       "NumSulfer            -0.044196   -0.066851  0.079078           0.160824   \n",
       "NumChlorine           1.000000    0.842965  0.041745          -0.065989   \n",
       "NumHalogen            0.842965    1.000000  0.032488          -0.054684   \n",
       "NumRings              0.041745    0.032488  1.000000          -0.028054   \n",
       "HydrophilicFactor    -0.065989   -0.054684 -0.028054           1.000000   \n",
       "SurfaceArea1         -0.295292   -0.331390  0.235481           0.747675   \n",
       "SurfaceArea2         -0.293343   -0.333862  0.222130           0.720809   \n",
       "\n",
       "                   SurfaceArea1  SurfaceArea2  \n",
       "MolWeight              0.315321      0.338168  \n",
       "NumAtoms               0.430752      0.435522  \n",
       "NumNonHAtoms           0.463010      0.467065  \n",
       "NumBonds               0.424562      0.428716  \n",
       "NumNonHBonds           0.440706      0.443178  \n",
       "NumMultBonds           0.178744      0.179287  \n",
       "NumRotBonds            0.398938      0.423291  \n",
       "NumDblBonds            0.623330      0.622554  \n",
       "NumAromaticBonds       0.042646      0.041597  \n",
       "NumHydrogen            0.349681      0.355863  \n",
       "NumCarbon              0.273749      0.264146  \n",
       "NumNitrogen            0.524425      0.546248  \n",
       "NumOxygen              0.847588      0.802126  \n",
       "NumSulfer              0.207183      0.416146  \n",
       "NumChlorine           -0.295292     -0.293343  \n",
       "NumHalogen            -0.331390     -0.333862  \n",
       "NumRings               0.235481      0.222130  \n",
       "HydrophilicFactor      0.747675      0.720809  \n",
       "SurfaceArea1           1.000000      0.958299  \n",
       "SurfaceArea2           0.958299      1.000000  "
      ]
     },
     "execution_count": 59,
     "metadata": {},
     "output_type": "execute_result"
    }
   ],
   "source": [
    "solTrainXcont.corr()"
   ]
  },
  {
   "cell_type": "code",
   "execution_count": 60,
   "metadata": {},
   "outputs": [
    {
     "data": {
      "text/plain": [
       "<matplotlib.axes._subplots.AxesSubplot at 0x7f7ae4605da0>"
      ]
     },
     "execution_count": 60,
     "metadata": {},
     "output_type": "execute_result"
    },
    {
     "data": {
